%YAML:1.0
EEPROM data: valid (v5)
  Board name     : BW1098OBC
  Board rev      : R0M0E0
  HFOV L/R       : 71.86 deg
  HFOV RGB       : 68.7938 deg
  L-R   distance : 7.5 cm
  L-RGB distance : 3.75 cm
  L/R swapped    : yes
  L/R crop region: center
  Rectification Rotation R1 (left):
    0.999992,   -0.003308,    0.002074,
    0.003308,    0.999995,    0.000276,
   -0.002075,   -0.000269,    0.999998,
  Rectification Rotation R2 (right):
    0.999811,    0.018930,   -0.004410,
   -0.018931,    0.999821,   -0.000231,
    0.004405,    0.000315,    0.999990,
  Calibration intrinsic matrix M1 (left):
  860.125305,    0.000000,  642.060242,
    0.000000,  860.329773,  396.808807,
    0.000000,    0.000000,    1.000000,
  Calibration intrinsic matrix M2 (right):
  857.320312,    0.000000,  641.341553,
    0.000000,  857.756104,  405.253082,
    0.000000,    0.000000,    1.000000,
  Calibration rotation matrix R:
    0.999732,   -0.022240,    0.006473,
    0.022236,    0.999753,    0.000630,
   -0.006486,   -0.000486,    0.999979,
  Calibration translation matrix T:
   -7.463777,
   -0.141314,
    0.032920,
  Calibration Distortion Coeff d1 (Left):
   -5.590937,   18.183435,    0.001936,   -0.000071,  -18.453896,   -5.640511,   18.384962,
  -18.653622,    0.000000,    0.000000,    0.000000,    0.000000,    0.000000,    0.000000,
  Calibration Distortion Coeff d2 (Right):
   -5.560787,   18.441210,    0.001005,   -0.002030,  -18.370291,   -5.609551,   18.621206,
  -18.539595,    0.000000,    0.000000,    0.000000,    0.000000,    0.000000,    0.000000,
